[gd_scene load_steps=3 format=3 uid="uid://rgsaxoywyxpv"]

[ext_resource type="PackedScene" uid="uid://b7tr83c7kyqxy" path="res://assets/KayKit_Adventurers_1.0_FREE/Characters/gltf/Rogue_Hooded.glb" id="1_1vb66"]
[ext_resource type="Material" uid="uid://c0t81fcq6my5w" path="res://assets/units/assam_archer.tres" id="2_sfod8"]

[node name="Rogue" instance=ExtResource("1_1vb66")]

[node name="Skeleton3D" parent="Rig" index="0"]
bones/0/rotation = Quaternion(-2.86004e-09, -0.21644, -1.29008e-08, 0.976296)
bones/1/position = Vector3(-1.77636e-15, 0.392064, -4.23516e-22)
bones/1/rotation = Quaternion(-3.2009e-09, -0.18269, -1.10478e-08, 0.983171)
bones/2/rotation = Quaternion(0.0282706, -0.224887, -0.0471792, 0.972831)
bones/3/rotation = Quaternion(-2.0235e-09, 0.390731, 2.83291e-08, 0.920505)
bones/4/position = Vector3(0.237825, 0.134132, 0.0707304)
bones/4/rotation = Quaternion(-0.532747, -0.389643, -0.751168, -0.0102847)
bones/5/rotation = Quaternion(9.53509e-09, -6.65963e-08, -0.705087, 0.709121)
bones/7/rotation = Quaternion(-0.335962, 0.357112, -0.311309, 0.814056)
bones/8/rotation = Quaternion(1.60975e-09, 1.60975e-09, -0.707107, 0.707107)
bones/10/position = Vector3(-0.205704, 0.134132, -0.0728219)
bones/10/rotation = Quaternion(-0.630376, 0.263688, 0.505015, 0.527309)
bones/11/rotation = Quaternion(3.3592e-08, 3.90026e-08, 0.764664, 0.644429)
bones/13/rotation = Quaternion(-0.204626, 0.507734, 0.32031, 0.773134)
bones/14/position = Vector3(-0.00327587, 0.0957435, -0.0747036)
bones/14/rotation = Quaternion(0.0182482, 0.0177895, 0.707211, 0.706543)
bones/19/rotation = Quaternion(-0.0175128, 0.17143, 0.100934, 0.979856)
bones/21/position = Vector3(0.20013, 0.110784, -0.030278)
bones/21/rotation = Quaternion(0.896632, 0.0868622, -0.433887, 0.0157508)
bones/22/rotation = Quaternion(0.244381, 6.04606e-08, -1.73166e-07, 0.969679)
bones/23/rotation = Quaternion(-0.541088, -0.0629261, 0.0603443, 0.836434)
bones/25/position = Vector3(-0.170945, 0.113587, 6.47718e-09)
bones/25/rotation = Quaternion(0.986534, -0.105362, -0.0619477, -0.108681)
bones/26/rotation = Quaternion(0.00196558, -5.64335e-08, 1.55597e-08, 0.999998)
bones/27/rotation = Quaternion(-0.461574, 0.157375, -0.0574879, 0.871136)
bones/28/rotation = Quaternion(3.04797e-08, 0.920355, -0.391084, -6.94849e-08)
bones/29/position = Vector3(0.469292, 0.29231, 0.436691)
bones/29/rotation = Quaternion(0.707107, -2.29302e-07, -4.60551e-08, 0.707107)
bones/30/position = Vector3(0.274706, 0.0231867, 0.256143)
bones/30/rotation = Quaternion(-0.698945, 0.107128, 0.107128, 0.698945)
bones/31/rotation = Quaternion(9.65792e-09, 1.77955e-09, 0.985719, -0.168398)
bones/32/rotation = Quaternion(-1.04035e-07, 0.391084, 0.920355, -2.9526e-08)
bones/34/rotation = Quaternion(1, -3.10863e-15, 1.94707e-07, -6.91739e-22)
bones/36/position = Vector3(-0.325341, 0.298946, 0.49512)
bones/36/rotation = Quaternion(0.707107, -3.82385e-08, 1.45009e-07, 0.707107)
bones/37/position = Vector3(-0.170945, 0.0259903, 0.370075)
bones/37/rotation = Quaternion(-0.707107, -7.05285e-08, -7.05285e-08, 0.707107)
bones/38/position = Vector3(0.00757136, 0.61976, 2.32102e-15)
bones/38/rotation = Quaternion(-1.42273e-08, 3.78009e-09, 0.969583, 0.244765)
bones/39/rotation = Quaternion(-1.04035e-07, 0.391084, 0.920355, -2.95261e-08)
bones/43/position = Vector3(0.695559, 0.453286, -0.0830464)
bones/44/position = Vector3(0.234451, 0.9806, 0.46837)
bones/44/rotation = Quaternion(-0.443159, 0.551008, 0.551008, 0.443159)
bones/46/position = Vector3(-0.449451, 0.993535, 0.114208)
bones/46/rotation = Quaternion(-0.355935, 0.392346, 0.606177, -0.593232)

[node name="Knife_Offhand" parent="Rig/Skeleton3D" index="0"]
transform = Transform3D(0.97585, 0.218439, 8.71687e-07, 3.17855e-08, -2.5928e-06, 0.999999, 0.218439, -0.97585, -2.70767e-06, -0.133142, 0.947066, 0.547053)
visible = false

[node name="1H_Crossbow" parent="Rig/Skeleton3D" index="1"]
transform = Transform3D(0.999824, 0.00217331, 0.0185718, -0.00240926, 0.999916, 0.0126792, -0.0185424, -0.0127218, 0.999746, -0.428408, 0.964186, -0.0429795)
visible = false

[node name="2H_Crossbow" parent="Rig/Skeleton3D" index="2"]
transform = Transform3D(0.999824, 0.00217331, 0.0185718, -0.00240926, 0.999916, 0.0126792, -0.0185424, -0.0127218, 0.999746, -0.428408, 0.964186, -0.0429795)

[node name="2H_Crossbow" parent="Rig/Skeleton3D/2H_Crossbow" index="0"]
material_override = ExtResource("2_sfod8")

[node name="Knife" parent="Rig/Skeleton3D" index="3"]
transform = Transform3D(-0.0185718, 0.00217361, 0.999824, -0.0126793, 0.999916, -0.00240956, -0.999746, -0.0127219, -0.0185424, -0.426442, 0.97587, 0.0614905)
visible = false

[node name="Throwable" parent="Rig/Skeleton3D" index="4"]
transform = Transform3D(-0.0185718, 0.00217349, 0.999824, -0.0126794, 0.999916, -0.00240944, -0.999746, -0.0127219, -0.0185424, -0.42605, 1.1561, 0.0591974)
visible = false

[node name="Rogue_Cape" parent="Rig/Skeleton3D" index="5"]
transform = Transform3D(0.898138, -1.08555e-07, -0.439713, -0.048296, 0.99395, -0.0986474, 0.437053, 0.109835, 0.892704, -3.47427e-08, 1.19853, 0.0679038)
visible = false

[node name="Rogue_ArmLeft" parent="Rig/Skeleton3D" index="6"]
material_override = ExtResource("2_sfod8")

[node name="Rogue_ArmRight" parent="Rig/Skeleton3D" index="7"]
material_override = ExtResource("2_sfod8")

[node name="Rogue_Body" parent="Rig/Skeleton3D" index="8"]
surface_material_override/0 = ExtResource("2_sfod8")

[node name="Rogue_Head_Hooded" parent="Rig/Skeleton3D" index="9"]
surface_material_override/0 = ExtResource("2_sfod8")

[node name="Rogue_LegLeft" parent="Rig/Skeleton3D" index="10"]
material_override = ExtResource("2_sfod8")

[node name="Rogue_LegRight" parent="Rig/Skeleton3D" index="11"]
material_override = ExtResource("2_sfod8")
