[gd_scene load_steps=3 format=3 uid="uid://c27t3w01htpnr"]

[ext_resource type="PackedScene" uid="uid://beqrr3dtamd2u" path="res://assets/KayKit_Adventurers_1.0_FREE/Characters/gltf/Knight.glb" id="1_qd0vq"]
[ext_resource type="Material" uid="uid://dwpoeo8681jm0" path="res://assets/units/lavender_lancer.tres" id="2_dabgh"]

[node name="Knight" instance=ExtResource("1_qd0vq")]

[node name="Skeleton3D" parent="Rig" index="0"]
bones/1/position = Vector3(0.00841076, 0.378046, 1.21849e-10)
bones/2/rotation = Quaternion(-0.0605995, -0.130282, -0.00797808, 0.989591)
bones/3/rotation = Quaternion(-2.22045e-16, -3.57567e-09, -2.85747e-10, 1)
bones/4/position = Vector3(0.248044, 0.110857, 0.0825816)
bones/4/rotation = Quaternion(-0.577713, -0.249364, -0.73471, 0.253509)
bones/5/rotation = Quaternion(2.57531e-08, -7.4026e-08, -0.550246, 0.835003)
bones/7/rotation = Quaternion(-0.195243, -0.672535, -0.0531652, 0.711864)
bones/8/rotation = Quaternion(1.60975e-09, 1.60975e-09, -0.707107, 0.707107)
bones/14/position = Vector3(-0.176682, 0.111703, 0.0891542)
bones/14/rotation = Quaternion(-0.248319, 0.341504, 0.842174, 0.335345)
bones/15/rotation = Quaternion(1.54903e-08, 4.43594e-08, 0.573091, 0.819492)
bones/17/rotation = Quaternion(-0.234584, 0.22343, -0.113618, 0.939223)
bones/18/rotation = Quaternion(0.155711, -0.189455, 0.670289, 0.700409)
bones/21/rotation = Quaternion(0.0854265, 0.130441, 0.00470451, 0.987758)
bones/24/rotation = Quaternion(0.993728, 0.0733767, 0.0391868, 0.0747389)
bones/25/rotation = Quaternion(0.350238, 6.5134e-08, -2.45306e-07, 0.936661)
bones/26/rotation = Quaternion(-0.592131, -0.213501, 0.0538368, 0.775177)
bones/28/rotation = Quaternion(0.991183, -0.0392424, -0.0117463, 0.126008)
bones/29/rotation = Quaternion(0.389035, -6.29368e-08, 2.68502e-07, 0.921223)
bones/30/rotation = Quaternion(-0.602857, 0.112087, -0.0280757, 0.789437)
bones/31/rotation = Quaternion(3.04791e-08, 0.920355, -0.391084, -6.94849e-08)
bones/32/rotation = Quaternion(0.707107, -2.29302e-07, -4.60552e-08, 0.707107)
bones/33/rotation = Quaternion(-0.707107, -7.05285e-08, -7.05285e-08, 0.707107)
bones/34/position = Vector3(0.0308395, 0.382458, -2.86687e-15)
bones/34/rotation = Quaternion(1.00138e-08, 1.91522e-09, 0.984639, -0.174603)
bones/35/rotation = Quaternion(-1.04035e-07, 0.391084, 0.920355, -2.9526e-08)
bones/37/rotation = Quaternion(1, -3.10863e-15, 1.94707e-07, -6.91739e-22)
bones/39/rotation = Quaternion(0.707107, -3.82385e-08, 1.45009e-07, 0.707107)
bones/40/rotation = Quaternion(-0.707107, -7.05285e-08, -7.05285e-08, 0.707107)
bones/41/rotation = Quaternion(-5.83589e-09, 6.43837e-10, 0.994809, 0.101756)
bones/42/rotation = Quaternion(-1.04035e-07, 0.391084, 0.920355, -2.95261e-08)
bones/46/position = Vector3(0.839842, 0.719866, -0.447558)
bones/47/position = Vector3(0.339729, 0.818401, 0.412805)
bones/47/rotation = Quaternion(0.611846, 0.0640472, 0.465299, 0.636427)
bones/48/position = Vector3(-0.87741, 1.03555, -0.447559)
bones/49/position = Vector3(-0.335004, 0.82588, 0.274458)
bones/49/rotation = Quaternion(-0.330753, 0.224688, 0.90319, -0.156094)

[node name="1H_Sword_Offhand" parent="Rig/Skeleton3D" index="0"]
transform = Transform3D(0.513883, 0.55879, 0.650905, 0.181718, 0.670631, -0.719188, -0.838392, 0.48786, 0.243084, 0.252087, 0.832069, 0.557562)
visible = false

[node name="Badge_Shield" parent="Rig/Skeleton3D" index="1"]
transform = Transform3D(0.513884, 0.558788, 0.650906, 0.18172, 0.670631, -0.719188, -0.838391, 0.487862, 0.243083, 0.353553, 0.719958, 0.595455)
visible = false

[node name="Rectangle_Shield" parent="Rig/Skeleton3D" index="2"]
transform = Transform3D(0.513884, 0.558788, 0.650906, 0.18172, 0.670631, -0.719188, -0.838391, 0.487862, 0.243083, 0.353553, 0.719958, 0.595455)
visible = false

[node name="Round_Shield" parent="Rig/Skeleton3D" index="3"]
transform = Transform3D(0.513884, 0.558788, 0.650906, 0.18172, 0.670631, -0.719188, -0.838391, 0.487862, 0.243083, 0.353553, 0.719958, 0.595455)
visible = false

[node name="Spike_Shield" parent="Rig/Skeleton3D" index="4"]
transform = Transform3D(0.513884, 0.558788, 0.650906, 0.18172, 0.670631, -0.719188, -0.838391, 0.487862, 0.243083, 0.353553, 0.719958, 0.595455)
visible = false

[node name="1H_Sword" parent="Rig/Skeleton3D" index="5"]
transform = Transform3D(0.220919, 0.761972, 0.608763, 0.617506, 0.373857, -0.692038, -0.754904, 0.5288, -0.387931, -0.251925, 0.703766, 0.366367)
visible = false

[node name="2H_Sword" parent="Rig/Skeleton3D" index="6"]
transform = Transform3D(0.220919, 0.761972, 0.608763, 0.617506, 0.373857, -0.692038, -0.754904, 0.5288, -0.387931, -0.251925, 0.703766, 0.366367)

[node name="Knight_Helmet" parent="Rig/Skeleton3D" index="7"]
transform = Transform3D(1, -1.49012e-08, 4.47035e-08, 1.11759e-08, 0.998739, -0.0501992, -5.96046e-08, 0.0501992, 0.998739, 0.028742, 1.1835, -0.0771574)
visible = false

[node name="Knight_Cape" parent="Rig/Skeleton3D" index="8"]
transform = Transform3D(0.965926, 0.0315801, -0.256885, -1.64585e-08, 0.992528, 0.122016, 0.258819, -0.117859, 0.958709, 0.0279352, 1.18365, -0.0728662)

[node name="Knight_ArmLeft" parent="Rig/Skeleton3D" index="9"]
surface_material_override/0 = ExtResource("2_dabgh")

[node name="Knight_ArmRight" parent="Rig/Skeleton3D" index="10"]
surface_material_override/0 = ExtResource("2_dabgh")

[node name="Knight_Body" parent="Rig/Skeleton3D" index="11"]
surface_material_override/0 = ExtResource("2_dabgh")

[node name="Knight_LegLeft" parent="Rig/Skeleton3D" index="13"]
surface_material_override/0 = ExtResource("2_dabgh")

[node name="Knight_LegRight" parent="Rig/Skeleton3D" index="14"]
surface_material_override/0 = ExtResource("2_dabgh")
