[gd_scene load_steps=7 format=3 uid="uid://coq364k4352c4"]

[ext_resource type="PackedScene" uid="uid://b7tr83c7kyqxy" path="res://assets/KayKit_Adventurers_1.0_FREE/Characters/gltf/Rogue_Hooded.glb" id="1_30sqf"]
[ext_resource type="ArrayMesh" uid="uid://bmcg3j5i51sgv" path="res://assets/KayKit_Skeletons_1.0_FREE/assets/obj/Skeleton_Axe.obj" id="2_okjqy"]
[ext_resource type="Material" uid="uid://tiygd7n6ajvn" path="res://assets/units/vanilla_valkyrie.tres" id="3_b4kfu"]
[ext_resource type="ArrayMesh" uid="uid://c1asy5mtmx7bd" path="res://assets/chibi_wings/Chibi_Wings.obj" id="4_way3y"]
[ext_resource type="Texture2D" uid="uid://6jqdruc1whjw" path="res://assets/chibi_wings/WingTxt.png" id="5_vy3ej"]

[sub_resource type="StandardMaterial3D" id="StandardMaterial3D_a7cw8"]
albedo_texture = ExtResource("5_vy3ej")

[node name="Rogue_Hooded" instance=ExtResource("1_30sqf")]

[node name="Skeleton3D" parent="Rig" index="0"]
bones/1/position = Vector3(0, 0.392064, 0)
bones/1/rotation = Quaternion(-1.11123e-10, 0.0431578, 2.57241e-09, 0.999068)
bones/2/rotation = Quaternion(-6.93889e-18, 7.10543e-15, 4.93038e-32, 1)
bones/3/rotation = Quaternion(8.27181e-25, 3.72529e-09, 0, 1)
bones/4/position = Vector3(0.212007, 0.134132, 7.92996e-08)
bones/4/rotation = Quaternion(-0.559906, -0.0608803, -0.643974, 0.517779)
bones/5/rotation = Quaternion(3.65498e-08, -4.88301e-08, -0.494719, 0.869053)
bones/7/rotation = Quaternion(-0.321065, -0.325319, 0.145726, 0.87741)
bones/8/rotation = Quaternion(-3.6586e-09, 6.87811e-09, -0.707107, 0.707107)
bones/10/position = Vector3(-0.212007, 0.134132, 8.6814e-08)
bones/10/rotation = Quaternion(-0.618244, 0.0807286, 0.618012, 0.478873)
bones/11/rotation = Quaternion(2.09853e-08, 5.12855e-08, 0.517939, 0.855417)
bones/13/rotation = Quaternion(-0.319291, 0.300524, -0.22735, 0.869512)
bones/14/rotation = Quaternion(-1.02444e-09, -4.24391e-09, 0.707107, 0.707107)
bones/19/rotation = Quaternion(-5.8061e-11, -0.0313416, -1.88013e-09, 0.999509)
bones/21/rotation = Quaternion(0.996185, 0.0479136, 0.0566427, -0.045939)
bones/22/rotation = Quaternion(0.165014, 6.49414e-08, -1.11408e-07, 0.986291)
bones/23/rotation = Quaternion(-0.533729, -0.260895, -1.72985e-05, 0.804405)
bones/25/rotation = Quaternion(0.997322, -0.0294574, 0.0315293, 0.0590483)
bones/26/rotation = Quaternion(0.274008, -6.38135e-08, 1.92761e-07, 0.961727)
bones/27/rotation = Quaternion(-0.559039, 0.114513, -0.00862763, 0.82115)
bones/28/rotation = Quaternion(3.04797e-08, 0.920355, -0.391084, -6.94849e-08)
bones/29/rotation = Quaternion(0.707107, -2.29302e-07, -4.60551e-08, 0.707107)
bones/30/position = Vector3(0.213918, 0.0259903, 0.173866)
bones/30/rotation = Quaternion(-0.705092, 0.0533355, 0.0533355, 0.705092)
bones/31/rotation = Quaternion(9.65792e-09, 1.77955e-09, 0.985719, -0.168398)
bones/32/rotation = Quaternion(-1.04035e-07, 0.391084, 0.920355, -2.9526e-08)
bones/34/rotation = Quaternion(1, -3.10863e-15, 1.94707e-07, -6.91739e-22)
bones/36/rotation = Quaternion(0.707107, -3.82385e-08, 1.45009e-07, 0.707107)
bones/37/rotation = Quaternion(-0.707107, -7.05285e-08, -7.05285e-08, 0.707107)
bones/38/rotation = Quaternion(-5.83589e-09, 6.43837e-10, 0.994809, 0.101756)
bones/39/rotation = Quaternion(-1.04035e-07, 0.391084, 0.920355, -2.95261e-08)
bones/44/position = Vector3(0.520841, 0.788312, -0.0576373)
bones/44/rotation = Quaternion(0.794627, -1.11759e-07, 0.607098, -5.96046e-08)
bones/46/position = Vector3(-0.510844, 0.788312, 0.0597369)
bones/46/rotation = Quaternion(-0.758253, -1.52737e-07, 0.651961, -1.11759e-08)

[node name="Knife_Offhand" parent="Rig/Skeleton3D" index="0"]
transform = Transform3D(9.17323e-08, 0.262865, 0.964832, 0.999999, -5.48367e-07, 4.74853e-07, 8.68286e-07, 0.964832, -0.262865, 0.507764, 0.636705, -0.0185364)

[node name="Knife_Offhand" parent="Rig/Skeleton3D/Knife_Offhand" index="0"]
mesh = ExtResource("2_okjqy")

[node name="1H_Crossbow" parent="Rig/Skeleton3D" index="1"]
transform = Transform3D(0.988701, -0.149894, -2.68123e-07, -7.79413e-07, -1.2628e-06, -0.999999, 0.149894, 0.988701, -1.63117e-06, -0.489505, 0.745658, 0.0963389)
visible = false

[node name="2H_Crossbow" parent="Rig/Skeleton3D" index="2"]
transform = Transform3D(0.988701, -0.149894, -2.68123e-07, -7.79413e-07, -1.2628e-06, -0.999999, 0.149894, 0.988701, -1.63117e-06, -0.489505, 0.745658, 0.0963389)
visible = false

[node name="Knife" parent="Rig/Skeleton3D" index="3"]
transform = Transform3D(2.72302e-07, -0.149894, 0.988701, 0.999999, -1.11461e-06, -7.61174e-07, 1.48192e-06, 0.988701, 0.149894, -0.491058, 0.64103, 0.10658)

[node name="Knife" parent="Rig/Skeleton3D/Knife" index="0"]
mesh = ExtResource("2_okjqy")

[node name="Throwable" parent="Rig/Skeleton3D" index="4"]
transform = Transform3D(2.88042e-07, -0.149894, 0.988701, 0.999999, -1.09988e-06, -7.7486e-07, 1.46941e-06, 0.988701, 0.149894, -0.518076, 0.641029, 0.28479)
visible = false

[node name="Rogue_Cape" parent="Rig/Skeleton3D" index="5"]
transform = Transform3D(0.996275, -5.14962e-09, 0.0862354, 5.13044e-09, 1, 4.44078e-10, -0.0862354, 1.46374e-15, 0.996275, -4.17227e-09, 1.20227, 1.18859e-15)
visible = false

[node name="Rogue_ArmLeft" parent="Rig/Skeleton3D" index="6"]
surface_material_override/0 = ExtResource("3_b4kfu")

[node name="Rogue_ArmRight" parent="Rig/Skeleton3D" index="7"]
surface_material_override/0 = ExtResource("3_b4kfu")

[node name="Rogue_Body" parent="Rig/Skeleton3D" index="8"]
surface_material_override/0 = ExtResource("3_b4kfu")

[node name="MeshInstance3D" type="MeshInstance3D" parent="Rig/Skeleton3D/Rogue_Body" index="0"]
transform = Transform3D(0.05, 0, 0, 0, 0.05, 0, 0, 0, 0.05, 0, -2.70413, 0.172524)
mesh = ExtResource("4_way3y")
surface_material_override/0 = SubResource("StandardMaterial3D_a7cw8")

[node name="Rogue_Head_Hooded" parent="Rig/Skeleton3D" index="9"]
surface_material_override/0 = ExtResource("3_b4kfu")
